ID,Requirement,Type,Priority,Acceptance_Criteria
FR-01,Query Eligibility Gate,Functional,P0,Triggers relaxation logic if and only if raw whitespace-delimited token count >= 4 and primary strict search returns < 3 in-stock items.
FR-02,Standard Retrieval First,Functional,P0,All queries execute standard strict retrieval first. No query is relaxed prematurely if >= 3 strict matches exist.
FR-03,Low-Result Detection,Functional,P0,Search service detects strict result count < 3 within primary query execution cycle with zero client round-trip.
FR-04,Token Classification & Prioritization,Functional,P0,"System classifies tokens into Product Categories, Explicit Attributes (Color, Material, Brand, Gender), and Modifiers/Stopwords using catalog lexicon."
FR-05,Core Token Preservation,Functional,P0,"Primary product noun/category token (e.g., 'shirt', 'dress', 'shoes') is strictly protected and never dropped during initial relaxation."
FR-06,Modifier Relaxation Heuristic,Functional,P0,"Drops lowest-information modifier token (e.g., 'casual', 'stylish', 'vintage') or token with highest document frequency."
FR-07,Fallback Retrieval Execution,Functional,P0,"Executes single relaxed query across remaining N-1 tokens, returning up to 20 relevant products matching the relaxed set."
FR-08,Minimum Relevance Score Floor,Functional,P0,Candidate products must meet minimum BM25 text relevance score (> 0.40 normalized); sub-threshold items discarded.
FR-09,Transparency Notification Banner,Functional,P0,Search response renders banner above grid: 'We couldn\'t find exact matches for all terms. Showing closest matches for [Relaxed Query]' with dropped term identified.
FR-10,Strict Override Re-Query,Functional,P1,"Context banner provides 1-tap link: 'Search anyway for exact [Original Query]', forcing strict execution with zero relaxation."
FR-11,Zero-Result Fallback Handling,Functional,P0,"If relaxed query also returns 0 products, display graceful empty state with category recommendations; never display an empty error screen."
FR-12,Experiment Assignment Hook,Functional,P0,Evaluates session hash against feature flag 'search_query_relaxation_v1' at gateway layer; routes to Control or Treatment arm.
FR-13,Exposure & Telemetry Logging,Functional,P0,"Emits 'search_relaxation_exposure' event upon query execution with arm, query details, tokens dropped, result counts, and latency."
FR-14,Feature Flag & Dynamic Kill Switch,Functional,P0,Service configuration supports instant (< 60s) rollback to 0% traffic via remote config without code deployment.
NFR-01,Search Latency Budget,Non-Functional,P0,End-to-end p95 search latency must remain < 250 ms. Fallback relaxation execution overhead capped at 40 ms.
NFR-02,Service Availability,Non-Functional,P0,"Search gateway availability >= 99.95%. If relaxation module throws unhandled error, fall back to strict results gracefully."
NFR-03,Timeout Circuit Breaker,Non-Functional,P0,"Primary retrieval execution capped at 120 ms. If exceeded, relaxation fallback is bypassed to protect overall latency."
NFR-04,Scalability & Peak Throughput,Non-Functional,P0,Supports up to 500 search queries/sec peak load with < 5% CPU overhead on search cluster nodes.
NFR-05,Observability & Real-Time Alerting,Non-Functional,P0,"Real-time dashboard tracking relaxation trigger rate, latency p50/p95/p99, error rate, and fallback result yield."
NFR-06,Accessibility (WCAG 2.1 AA),Non-Functional,P1,Transparency banner uses semantic ARIA live region (aria-live='polite') and compliant contrast ratio (>= 4.5:1).
NFR-07,Privacy & Data Retention Compliance,Non-Functional,P0,"Raw query strings scrubbed of PII (emails, phone numbers) before long-term analytical warehouse ingestion."
